1 0.443 0.44 0.118 0.005 0.056 0.047 0.093
0.443 1 0.798 0.127 0.065 0.077 0.086 0.081
0.44 0.798 1 0.086 0.039 0.03 0.071 0.038
0.118 0.127 0.086 1 0.443 0.385 0.289 0.503
0.005 0.065 0.039 0.443 1 0.299 0.324 0.414
0.056 0.077 0.03 0.385 0.299 1 0.293 0.277
0.047 0.086 0.071 0.289 0.324 0.293 1 0.328
0.093 0.081 0.038 0.503 0.414 0.277 0.328 1
